SWV ITM Data Console - ITM Port: 0
1.000000
0.997923
0.995850
0.993782
0.991718
0.989658
0.987602
0.985551
0.983504
0.981461
0.979423
0.977388
0.975358
0.973332
0.971311
0.969293
0.967280
0.965271
0.963266
0.961265
0.959268
0.957276
0.955288
0.953303
0.951323
0.949347
0.947376
0.945408
0.943444
0.941485
0.939529
0.937578
0.935630
0.933687
0.931747
0.929812
0.927881
0.925954
0.924030
0.922111
0.920196
0.918285
0.916377
0.914474
0.912575
0.910679
0.908788
0.906900
0.905016
0.903136
0.901261
0.899389
0.897521
0.895656
0.893796
0.891940
0.890087
0.888238
0.886393
0.884552
0.882715
0.880882
0.879052
0.877226
0.875404
0.873586
0.871771
0.869961
0.868154
0.866351
0.864551
0.862756
0.860964
0.859175
0.857391
0.855610
0.853833
0.852060
0.850290
0.848524
0.846761
0.845003
0.843248
0.841496
0.839749
0.838004
0.836264
0.834527
0.832794
0.831064
0.829338
0.827616
0.825897
0.824181
0.822470
0.820761
0.819057
0.817356
0.815658
0.813964
0.812274
0.810587
0.808903
0.807223
0.805547
0.803874
0.802204
0.800538
0.798876
0.797217
0.795561
0.793909
0.792260
0.790615
0.788973
0.787334
0.785699
0.784068
0.782440
0.780815
0.779193
0.777575
0.775960
0.774349
0.772741
0.771136
0.769535
0.767937
0.766343
0.764751
0.763163
0.761579
0.759997
0.758419
0.756844
0.755273
0.753705
0.752140
0.750578
0.749020
0.747465
0.745913
0.744364
0.742819
0.741276
0.739738
0.738202
0.736669
0.735140
0.733614
0.732091
0.730571
0.729054
0.727541
0.726031
0.724524
0.723020
0.721519
0.720021
0.718527
0.717035
0.715547
0.714062
0.712580
0.711101
0.709625
0.708153
0.706621
0.705154
0.703690
92086
0.690649
0.689215
0.687784
0.686356
0.684931
0.683509
0.682089
0.680673
0.679260
0.677849
0.676441
0.675037
0.673635
0.672236
0.670840
0.669447
0.668057
0.666670
0.665285
0.663904
0.662525
0.661149
0.659776
0.658406
0.657039
0.655674
0.654313
0.652954
0.651598
0.650245
0.648894
0.647547
0.646202
0.644860
0.643521
0.642184
0.640850
0.639520
0.638191
0.636866
0.635543
0.634223
0.632906
0.631592
0.630280
0.628971
0.627665
0.626361
0.625060
0.623762
0.622467
0.621174
0.619884
0.618596
0.617311
0.616029
0.614750
0.613473
0.612199
0.610927
0.609659
0.608392
0.607129
0.605868
0.604609
0.603354
0.602101
0.600850
0.599602
0.598357
0.597114
0.595874
0.594636
0.593401
0.592169
0.590939
0.589711
0.588486
0.587264
0.586044
0.584827
0.583612
0.582400
0.581191
0.579983
0.578779
0.577577
0.576377
0.575180
0.573985
0.572793
0.571603
0.570416
0.569231
0.568049
0.566869
0.565692
0.564517
0.563344
0.562174
0.561006
0.559841
0.558678
0.557518
0.556360
0.555204
0.554051
0.552900
0.551752
0.550606
0.549462
0.548321
0.547182
0.546046
0.544912
0.543780
0.542650
0.541523
0.540398
0.539276
0.538156
0.537038
0.535923
0.534810
0.533699
0.532590
0.531484
0.530380
0.529278
0.528179
0.527082
0.525987
0.524895
0.523804
0.522716
0.521631
0.520547
0.519466
0.518387
0.517310
0.516236
0.515164
0.514094
0.513026
0.511960
0.510897
0.509836
0.508777
0.507720
0.506665
0.505613
0.504563
0.503515
0.502469
0.501425
0.500384
0.499345
0.498307
0.497272
0.496240
0.495209
0.494180
0.493154
0.492130
0.491107
0.490087
0.489069
0.488053
0.487040
0.486028
0.485019
0.484011
0.483006
0.482003
0.481002
0.480002
0.479005
0.478011
0.477018
0.476027
0.475038
0.474052
0.473067
0.472084
0.471104
0.470125
0.469149
0.468174
0.467202
0.466231
0.465263
0.464297
0.463332
0.462370
0.461410
0.460451
0.459495
0.458540
0.457588
0.456638
0.455689
0.454743
0.453798
0.452856
0.451915
0.450976
0.450040
0.449105
0.448172
0.447241
0.446312
0.445385
0.444460
0.443537
0.442616
0.441696
0.440779
0.439863
0.438950
0.438038
0.437128
0.436220
0.435314
0.434410
0.433508
0.432608
0.431709
0.430812
0.429918
0.429025
0.428134
0.427244
0.426357
0.425471
0.424588
0.423706
0.422826
0.421948
0.421071
0.420197
0.419324
0.418453
0.417584
0.416717
0.415851
0.414987
0.414126
0.413265
0.412407
0.411551
0.410696
0.409843
0.408992
0.408142
0.407295
0.406449
0.405605
0.404762
0.403921
0.403083
0.402245
0.401410
0.400576
0.399745
0.398914
0.398086
0.397259
0.396434
0.395611
0.394789
0.393969
0.393151
0.392335
0.391520
0.390707
0.389896
0.389086
0.388278
0.387472
0.386667
0.385864
0.385063
0.384263
0.383465
0.382669
0.381875
0.381082
0.380290
0.379501
0.378713
0.377926
0.377142
0.376359
0.375577
0.374797
0.374019
0.373243
0.372468
0.371694
0.370923
0.370153
0.369384
0.368617
0.367852
0.367088
0.366326
0.365566
0.364807
0.364050
0.363294
0.362540
0.361787
0.361036
0.360287
0.359539
0.358793
0.358048
0.357305
0.356563
0.355823
0.355085
0.354348
0.353613
0.352848
0.352115
0.351384
0.350654
0.349926
0.349200
0.348475
0.347751
0.347029
0.346309
0.345590
0.344872
0.344156
0.343441
0.342728
0.342017
0.341306
0.340598
0.339890
0.339185
0.338480
0.337777
0.337076
0.336376
0.335678
0.334981
0.334285
0.333591
0.332898
0.332207
0.331517
0.330828
0.330141
0.329456
0.328772
0.328089
0.327408
0.326728
0.326049
0.325372
0.324696
0.324022
0.323349
0.322677
0.322007
0.321339
0.320671
0.320005
0.319341
0.318677
0.318016
0.317355
0.316696
0.316038
0.315382
0.314727
0.314073
0.313421
0.312770
0.312120
0.311472
0.310825
0.310180
0.309536
0.308893
0.308251
0.307611
0.306972
0.306334
0.305698
0.305063
0.304430
0.303797
0.303166
0.302537
0.301908
0.301281
0.300656
0.300031
0.299408
0.298786
0.298166
0.297546
0.296928
0.296312
0.295696
0.295082
0.294469
0.293857
0.293247
0.292638
0.292030
0.291424
0.290818
0.290214
0.289612
0.289010
0.288410
0.287811
0.287213
0.286616
0.286021
0.285427
0.284834
0.284243
0.283652
0.283063
0.282475
0.281888
0.281303
0.280719
0.280136
0.279554
0.278973
0.278394
0.277815
0.277238
0.276663
0.276088
0.275514
0.274942
0.274371
0.273801
0.273232
0.272665
0.272099
0.271533
0.270969
0.270407
0.269845
0.269285
0.268725
0.268167
0.267610
0.267054
0.266500
0.265946
0.265394
0.264842
0.264292
0.263743
0.263196
0.262649
0.262103
0.261559
0.261016
0.260473
0.259932
0.259393
0.258854
0.258316
0.257780
0.257244
0.256710
0.256177
0.255645
0.255114
0.254584
0.254055
0.253527
0.253001
0.252475
0.251951
0.251427
0.250905
0.250384
0.249864
0.249345
0.248827
0.248310
0.247795
0.247280
0.246766
0.246254
0.245742
0.245232
0.244722
0.244214
0.243707
0.243201
0.242696
0.242191
0.241688
0.241186
0.240685
0.240186
0.239687
0.239189
0.238692
0.238196
0.237701
0.237208
0.236715
0.236223
0.235733
0.235243
0.234755
0.234267
0.233780
0.233295
0.232810
0.232327
0.231844
0.231362
0.230882
0.230402
0.229924
0.229446
0.228970
0.228494
0.228019
0.227546
0.227073
0.226602
0.226131
0.225661
0.225193
0.224725
0.224258
0.223792
0.223327
0.222864
0.222401
0.221939
0.221478
0.221018
0.220559
0.220101
0.219643
0.219187
0.218732
0.218278
0.217824
0.217372
0.216920
0.216470
0.216020
0.215572
0.215124
0.214677
0.214231
0.213786
0.213342
0.212899
0.212457
0.212016
0.211575
0.211136
0.210697
0.210260
0.209823
0.209387
0.208952
0.208518
0.208085
0.207653
0.207222
0.206791
0.206362
0.205933
0.205506
0.205079
0.204653
0.204228
0.203804
0.203380
0.202958
0.202536
0.202116
0.201696
0.201277
0.200859
0.200442
0.200026
0.199610
0.199196
0.198782
0.198369
0.197957
0.197546
0.197136
0.196727
0.196318
0.195910
0.195503
0.195097
0.194692
0.194288
0.193885
0.193482
0.193080
0.192679
0.192279
0.191880
0.191481
0.191084
0.190687
0.190291
0.189896
0.189502
0.189108
0.188716
0.188324
0.187933
0.187542
0.187153
0.186765
0.186377
0.185990
0.185604
0.185218
0.184834
0.184450
0.184067
0.183685
0.183304
0.182923
0.182543
0.182164
0.181786
0.181409
0.181032
0.180657
0.180282
0.179907
0.179534
0.179161
0.178790
0.178418
0.178048
0.177679
0.177310
0.176942
0.176559
0.176193
0.175827
0.175462
0.175097
0.174734
0.174371
0.174009
0.173648
0.173287
0.172927
0.172568
0.172210
0.171853
0.171496
0.171140
0.170784
0.170430
0.170076
0.169723
0.169370
0.169018
0.168667
0.168317
0.167968
0.167619
0.167271
0.166923
0.166577
0.166231
0.165886
0.165541
0.165197
0.164854
0.164512
0.164170
0.163829
0.163489
0.163150
0.162811
0.162473
0.162135
0.161799
0.161463
0.161127
0.160793
0.160459
0.160125
0.159793
0.159461
0.159130
0.158799
0.158470
0.158140
0.157812
0.157484
0.157157
0.156831
0.156505
0.156180
0.155856
0.155532
0.155209
0.154887
0.154565
0.154244
0.153924
0.153604
0.153285
0.152966
0.152649
0.152332
0.152015
0.151700
0.151385
0.151070
0.150756
0.150443
0.150131
0.149819
0.149508
0.149197
0.148887
0.148578
0.148270
0.147962
0.147654
0.147348
0.147042
0.146736
0.146431
0.146127
0.145824
0.145521
0.145219
0.144917
0.144616
0.144316
0.144016
0.143717
0.143418
0.143120
0.142823
0.142526
0.142230
0.141935
0.141640
0.141346
0.141052
0.140759
0.140467
0.140175
0.139884
0.139594
0.139304
0.139014
0.138726
0.138437
0.138150
0.137863
0.137577
0.137291
0.137006
0.136721
0.136437
0.136154
0.135871
0.135589
0.135307
0.135026
0.134746
0.134466
0.134186
0.133908
0.133630
0.133352
0.133075
0.132799
0.132523
0.132248
0.131973
0.131699
0.131425
0.131152
0.130880
0.130608
0.130337
0.130066
0.129796
0.129526
0.129257
0.128989
0.128721
0.128453
0.128187
0.127920
0.127655
0.127390
0.127125
0.126861
0.126597
0.126335
0.126072
0.125810
0.125549
0.125288
0.125028
0.124768
0.124509
0.124250
0.123992
0.123735
0.123478
0.123221
0.122965
0.122710
0.122455
0.122201
0.121947
0.121694
0.121441
0.121189
0.120937
0.120686
0.120435
0.120185
0.119935
0.119686
0.119438
0.119190
0.118942
0.118695
0.118448
0.118202
0.117957
0.117712
0.117.101768
0.101557
0.101346
0.101135
0.100925
0.100716
0.100507
0.100298
0.100090
0.099882
0.099674
0.099467
0.099261
0.099055
0.098849
0.098644
0.098439
0.098234
0.098030
0.097827
0.097624
0.097421
0.097219
0.097017
0.096815
0.096614
0.096414
0.096213
0.096014
0.095814
0.095615
0.095417
0.095219
0.095021
0.094824
0.094627
0.094430
0.094234
0.094038
0.093843
0.093648
0.093454
0.093260
0.093066
0.092873
0.092680
0.092488
0.092296
0.092104
0.091913
0.091722
0.091532
0.091342
0.091152
0.090963
0.090774
0.090586
0.090398
0.090210
0.090023
0.089836
0.089649
0.089463
0.089278
0.089092
0.088907
0.088723
0.088539
0.088347
0.088164
0.087981
0.087798
0.087616
0.087434
0.087253
0.087071
0.086891
0.086710
0.086530
0.086350
0.086171
0.085992
0.085814
0.085635
0.085458
0.085280
0.085103
0.084926
0.084750
0.084574
0.084398
0.084223
0.084048
0.083874
0.083700
0.083526
0.083352
0.083179
0.083007
0.082834
0.082662
0.082490
0.082319
0.082148
0.081978
0.081807
0.081637
0.081468
0.081299
0.081130
0.080961
0.080793
0.080625
0.080458
0.080291
0.080124
0.079958
0.079792
0.079626
0.079461
0.079296
0.079131
0.078967
0.078803
0.078639
0.078476
0.078313
0.078150
0.077988
0.077826
0.077664
0.077503
0.077342
0.077181
0.077021
0.076861
0.076701
0.076542
0.076383
0.076224
0.076066
0.075908
0.075750
0.075593
0.075436
0.075279
0.075123
0.074967
0.074811
0.074656
0.074501
0.074346
0.074192
0.074038
0.073884
0.073730
0.073577
0.073424
0.073272
0.073120
0.072968
0.072816
0.072665
0.072514
0.072364
0.072213
0.072063
0.071914
0.071764
0.071615
0.0714
0.063084
0.062953
0.062823
0.062692
0.062562
0.062432
0.062302
0.062173
0.062044
0.061915
0.061786
0.061658
0.061530
0.061402
0.061275
0.061147
0.061020
0.060894
0.060767
0.060641
0.060515
0.060389
0.060264
0.060139
0.060014
0.059889
0.059765
0.059641
0.059517
0.059393
0.059270
0.059147
0.059024
0.058901
0.058779
0.058657
0.058535
0.058413
0.058292
0.058171
0.058050
0.057929
0.057809
0.057689
0.057569
0.057450
0.057330
0.057211
0.057092
0.056974
0.056856
0.056737
0.056620
0.056502
0.056385
0.056268
0.056151
0.056034
0.055918
0.055801
0.055686
0.055570
0.055455
0.055339
0.055224
0.055110
0.054995
0.054881
0.054767
0.054653
0.054540
0.054426
0.054313
0.054201
0.054088
0.053976
0.053864
0.053752
0.053640
0.053529
0.053417
0.053307
0.053196
0.053085
0.052975
05140
0.045046
0.044952
0.044859
0.044766
0.044673
0.044580
0.044488
0.044396
0.044303
0.044211
0.044116
0.044024
0.043933
0.043842
0.043751
0.043660
0.043569
0.043479
0.043388
0.043298
0.043208
0.043119
0.043029
0.042940
0.042851
0.042762
0.042673
0.042584
0.042496
0.042408
0.042319
0.042232
0.042144
0.042056
0.041969
0.041882
0.041795
0.041708
0.041622
0.041535
0.041449
0.041363
0.041277
0.041191
0.041106
0.041020
0.040935
0.040850
0.040765
0.040681
0.040596
0.040512
0.040428
0.040344
0.040260
0.040176
0.040093
0.040010
0.039926
0.039844
0.039761
0.039678
0.039596
0.039514
0.039432
0.039350
0.039268
0.039186
0.039105
0.039024
0.038943
0.038862
0.038781
0.038701
0.038620
0.038540
0.038460
0.038380
0.038300
0.038221
0.038141
0.038062
0.037983
0.037904
0.037826
0.037747
0.037669
0.037590
0.037512
0.037434
0.037357
0.037279
0.037202
0.037124
0.037047
0.036970
0.036893
0.036817
0.036740
0.036664
0.036588
0.036512
0.036436
0.036360
0.036285
0.036210
0.036134
0.036059
0.035984
0.035910
0.035835
0.035761
0.035686
0.035612
0.035538
0.035464
0.035391
0.035317
0.035244
0.035171
0.035098
0.035025
0.034952
0.034879
0.034807
0.034735
0.034663
0.034591
0.034519
0.034447
0.034375
0.034304
0.034233
0.034162
0.034091
0.034020
0.033949
0.033879
0.033808
0.033738
0.033668
0.033598
0.033528
0.033459
0.033389
0.033320
0.033251
0.033182
0.033113
0.033044
0.032975
0.032907
0.032838
0.032770
0.032702
0.032634
0.032566
0.032499
0.032431
0.032364
0.032297
0.032230
0.032163
0.032096
0.032029
0.031963
0.031896
0.031830
0.031764
0.031698
0.031632
0.031566
0.031501
0.031435
0.031370
0.031305
0.031240
0.031175
0.031110
0.031046
0.030981
0.030917
0.030853
0.030789
0.030725
0.030661
0.030597
0.030534
0.030470
0.030407
0.030344
0.030281
0.030218
0.030155
0.030092
0.030030
0.029968
0.029905
0.029843
0.029781
0.029719
0.029658
0.029596
0.029535
0.029473
0.029412
0.029351
0.029290
0.029229
0.029168
0.029108
0.029047
0.028987
0.028927
0.028867
0.028807
0.028747
0.028687
0.028628
0.028568
0.028509
0.028450
0.028390
0.028332
0.028273
0.028214
0.028155
0.028097
0.028039
0.027980
0.027922
0.027864
0.027806
0.027749
0.027691
0.027633
0.027576
0.027519
0.027462
0.027405
0.027348
0.027291
0.027234
0.027178
0.027121
0.027065
0.027009
0.026952
0.026896
0.026841
0.026785
0.026729
0.026674
0.026618
0.026563
0.026508
0.026453
0.026398
0.026343
0.026288
0.026234
0.026179
0.026125
0.026071
0.026016
0.025962
0.025908
0.025855
0.025801
0.025747
0.025694
0.025641
0.025587
0.025534
0.025481
0.025428
0.025375
0.025323
0.025270
0.025218
0.025165
0.025113
0.025061
0.025009
0.024957
0.024905
0.024853
0.024802
0.024750
0.024699
0.024648
0.024596
0.024545
0.024494
0.024443
0.024393
0.024342
0.024291
0.024241
0.024191
0.024140
0.024090
0.024040
0.023990
0.023941
0.023891
0.023841
0.023792
0.023742
0.023693
0.023644
0.023595
0.023546
0.023497
0.023448
0.023399
0.023351
0.023302
0.023254
0.023206
0.023157
0.023109
0.023061
0.023014
0.022966
0.022918
0.022870
0.022823
0.022776
0.022728
0.022681
0.022634
0.022587
0.022540
0.022493
0.022447
0.022400
0.022354
0.022307
0.022261
0.0222154
0.019813
0.019772
0.019731
0.019690
0.019649
0.019608
0.019568
0.019527
0.019486
0.019446
0.019405
0.019365
0.019325
0.019285
0.019245
0.019205
0.019165
0.019125
0.019085
0.019046
0.019006
0.018967
0.018927
0.018888
0.018849
0.018810
0.018771
0.018732
0.018693
0.018654
0.018615
0.018576
0.018538
0.018499
0.018461
0.018423
0.018384
0.018346
0.018308
0.018270
0.018232
0.018194
0.018156
0.018119
0.018081
0.018043
0.018006
0.017969
0.017931
0.017894
0.017857
0.017820
0.017783
0.017746
0.017709
0.017672
0.017635
0.017599
0.017562
0.017526
0.017489
0.017453
0.017417
0.017381
0.017345
0.017309
0.017273
0.017237
0.017201
0.017165
0.017130
0.017094
0.017058
0.017023
0.016988
0.016952
0.016917
0.016882
0.016847
0.016812
0.016777
0.016742
0.016707
0.016673
0.016638
0.016604
0.016569
0.016535
0.016500
0.016466
0.016432
0.016398
0.016364
0.016330
0.016296
0.016262
0.016228
0.016194
0.016161
0.016127
0.016094
0.016060
0.016027
0.015994
0.015960
0.015927
0.015894
0.015861
0.015828
0.015795
0.015763
0.015730
0.015697
0.015665
0.015632
0.015600
0.015567
0.015535
0.015503
0.015470
0.015438
0.015406
0.015374
0.015342
0.015310
0.015279
0.015247
0.015215
0.015184
0.015152
0.015120
0.015089
0.015058
0.015026
0.014995
0.014964
0.014933
0.014902
0.014871
0.014840
0.014809
0.014779
0.014748
0.014717
0.014687
0.014656
0.014626
0.014595
0.014565
0.014535
0.014505
0.014474
0.014444
0.014414
0.014384
0.014355
0.014325
0.014295
0.014265
0.014236
0.014206
0.014177
0.014147
0.014118
0.014088
0.014059
0.014030
0.014001
0.013972
0.013943
0.013914
0.013885
0.013856
0.013827
0.013799
0.013770
0.013741
0.013713
0.013684
0.013656
0.013628
0.013599
0.013571
0.013543
0.013515
0.013487
0.013459
0.013431
0.013403
0.013375
0.013347
0.013319
0.013292
0.013264
0.013237
0.013209
0.013182
0.013154
0.013127
0.013100
0.013072
0.013045
0.013018
0.012991
0.012964
0.012937
0.012910
0.012884
0.012857
0.012830
0.012803
0.012777
0.012750
0.012724
0.012697
0.012671
0.012645
0.012619
0.012592
0.012566
0.012540
0.012514
0.012488
0.012462
0.012436
0.012410
0.012385
0.012359
0.012333
0.012308
0.012282
0.012257
0.012231
0.012206
0.012180
0.012155
0.012130
0.012105
0.012079
0.012054
0.012029
0.012004
0.011979
0.011955
0.011930
0.011905
0.011880
0.011856
0.011831
0.011806
0.011782
0.011757
0.011733
0.011709
0.011684
0.011660
0.011636
0.011612
0.011588
0.011564
0.011540
0.011516
0.011492
0.011468
0.011444
0.011420
0.011397
0.011373
0.011349
0.011326
0.011302
0.011279
0.011255
0.011232
0.011209
0.011185
0.011162
0.011139
0.011116
0.011093
0.011070
0.011046
0.011023
0.011000
0.010977
0.010954
0.010932
0.010909
0.010886
0.010864
0.010841
0.010819
0.010796
0.010774
0.010751
0.010729
0.010707
0.010685
0.010662
0.010640
0.010618
0.010596
0.010574
0.010552
0.010530
0.010508
0.010487
0.010465
0.010443
0.010421
0.010400
0.010378
0.010357
0.010335
0.010314
0.010292
0.010271
0.010249
0.010228
0.010207
0.010186
0.010165
0.010144
0.010122
0.010101
0.010080
0.010060
0.010039
0.010018
0.009997
0.009976
0.009955
0.009935
0.009914
0.009894
0.009873
0.009853
0.009832
0.009812
0.009791
0.009771
0.009751
0.009730
0.009710
0.009690
0.009670
0.009650
0.009630
0.009610
0.009590
0.009570
0.009550
0.009530
0.009510
0.009491
0.009471
0.009451
0.009432
0.009412
0.009392
0.009373
0.009354
0.009334
0.009315
0.009295
0.009276
0.009257
0.009238
0.009218
0.009199
0.009180
0.009161
0.009142
0.009123
0.009104
0.009085
0.009066
0.009047
0.009029
0.009010
0.008991
0.008973
0.008954
0.008935
0.008917
0.008898
0.008880
0.008861
0.008843
0.008825
0.008806
0.008788
0.008770
0.008751
0.008733
0.008715
0.008697
0.008679
0.008661
0.008643
0.008625
0.008607
0.008589
0.008571
0.008554
0.008536
0.008518
0.008500
0.008483
0.008465
0.008447
0.008430
0.008412
0.008395
0.008378
0.008360
0.008343
0.008325
0.008308
0.008291
0.008274
0.008256
0.008239
0.008222
0.008205
0.008188
0.008171
0.008154
0.008137
0.008120
0.008103
0.008087
0.008070
0.008053
0.008036
0.008020
0.008003
0.007986
0.007970
0.007953
0.007937
0.007920
0.007904
0.007887
0.007871
0.007855
0.007838
0.007822
0.007806
0.007790
0.007773
0.007757
0.007741
0.007725
0.007709
0.007693
0.007677
0.007661
0.007645
0.007629
0.007613
0.007598
0.007582
0.007566
0.007550
0.007535
0.007519
0.007503
0.007488
0.007472
0.007457
0.007441
0.007426
0.007410
0.007395
0.007380
0.007364
0.007349
0.007334
0.007318
0.007303
0.007288
0.007273
0.007258
0.007243
0.007228
0.007213
0.007198
0.007183
0.007168
0.007153
0.007138
0.007123
0.007109
0.007094
0.007079
0.007064
0.007050
0.007035
0.007020
0.007006
0.006991
0.006977
0.006962
0.006948
0.006933
0.006919
0.006905
0.006890
0.006876
0.006862
0.006847
0.006833
0.006819
0.006805
0.006791
0.006777
0.006763
0.006748
0.006734
0.006720
0.006707
0.006693
0.006679
0.006665
0.006651
0.006637
0.006623
0.006610
0.006596
0.006582
0.006569
0.006555
0.006541
0.006528
0.006514
0.006501
0.006487
0.006474
0.006460
0.006447
0.006433
0.006420
0.006407
0.006393
0.006380
0.006367
0.006354
0.006340
0.006327
0.006314
0.006301
0.006288
0.006275
0.006262
0.006249
0.006236
0.006223
0.006210
0.006197
0.006184
0.006171
0.006159
0.006146
0.006133
0.006120
0.006108
0.006095
0.006082
0.006070
0.006057
0.006044
0.006032
0.006019
0.006007
0.005994
0.005982
0.005969
0.005957
0.005945
0.005932
0.005920
0.005908
0.005895
0.005883
0.005871
0.005859
0.005847
0.005835
0.005822
0.005810
0.005798
0.005786
0.005774
0.005762
0.005750
0.005738.004992
0.004982
0.004971
0.004961
0.004951
0.004940
0.004930
0.004920
0.004910
0.004899
0.004889
0.004879
0.004869
0.004859
0.004849
0.004839
0.004829
0.004819
0.004809
0.004799
0.004789
0.004779
0.004769
0.004759
0.004749
0.004739
0.004729
0.004719
0.004710
0.004700
0.004690
0.004680
0.004671
0.004661
0.004651
0.004642
0.004632
0.004622
0.004613
0.004603
0.004594
0.004584
0.004575
0.004565
0.004556
0.004546
0.004537
0.004527
0.004518
0.004508
0.004499
0.004490
0.004480
0.004471
0.004462
0.004453
0.004443
0.004434
0.004425
0.004416
0.004406
0.004397
0.004388
0.004379
0.004370
0.004361
0.004352
0.004343
0.004334
0.004325
0.004316
0.004307
0.004298
0.004289
0.004280
0.004271
0.004262
0.004253
0.004245
0.004236
0.004227
0.004218
0.004209
0.004201
0.004192
0.004183
0.004175
0.004166
0.004157
0.004149
0.004140
0.004131
0.004123
0.004114
0.004106
0.004097
0.004089
0.004080
0.004072
0.004063
0.004055
0.004046
0.004038
0.004030
0.004021
0.004013
0.004005
0.003996
0.003988
0.003980
0.003971
0.003963
0.003955
0.003947
0.003938
0.003930
0.003922
0.003914
0.003906
0.003898
0.003890
0.003882
0.003874
0.003865
0.003857
0.003849
0.003841
0.003833
0.003825
0.003818
0.003810
0.003802
0.003794
0.003786
0.003778
0.003770
0.003762
0.003755
0.003747
0.003739
0.003731
0.003723
0.003716
0.003708
0.003700
0.003693
0.003685
0.003677
0.003670
0.003662
0.003654
0.003647
0.003639
0.003632
0.003624
0.003617
0.003609
0.003602
0.003594
0.003587
0.003579
0.003572
0.003564
0.003557
0.003550
0.003542
0.003535
0.003528
0.003520
0.003513
0.003506
0.003498
0.003491
0.003484
0.003477
0.003469
0.003462
0.003455
0.003448
0.003441
0.003433
0.003426
0.003419
0.003412
0.003405
0.003398
0.003391
0.003384
0.003377
0.003370
0.003363
0.003356
0.003349
0.003342
0.003335
0.003328
0.003321
0.003314
0.003307
0.003300
0.003294
0.003287
0.003280
0.003273
0.003266
0.003260
0.003253
0.003246
0.003239
0.003233
0.003226
0.003219
0.003212
0.003206
0.003199
0.003192
0.003186
0.003179
0.003173
0.003166
0.003159
0.003153
0.003146
0.003140
0.003133
0.003127
0.003120
0.003114
0.003107
0.003101
0.003094
0.003088
0.003082
0.003075
0.003069
0.003062
0.003056
0.003050
0.003043
0.003037
0.003031
0.003025
0.003018
0.003012
0.003006
0.002999
0.002993
0.002987
0.002981
0.002975
0.002968
0.002962
0.002956
0.002950
0.002944
0.002938
919
0.002913
0.002907
0.002901
0.002895
0.002889
0.002883
0.002877
0.002871
0.002865
0.002859
0.002854
0.002848
0.002842
0.002836
0.002830
0.002824
0.002818
0.002812
0.002806
0.002801
0.002795
0.002789
0.002783
0.002777
0.002772
0.002766
0.002760
0.002754
0.002749
0.002743
0.002737
0.002731
0.002726
0.002720
0.002714
0.002709
0.002703
0.002698
0.002692
0.002686
0.002681
0.002675
0.002670
0.002664
0.002659
0.002653
0.002648
0.002642
0.002637
0.002631
0.002626
0.002620
0.002615
0.002609
0.002604
0.002599
0.002593
0.002588
0.002582
0.002577
0.002572
0.002566
0.002561
0.002556
0.002550
0.002545
0.002540
0.002534
0.002529
0.002524
0.002519
0.002514
0.002508
0.002503
0.002498
0.002493
0.002488
0.002482
0.002477
0.002472
0.002467
0.002462
0.002457
0.002452
0.002446
0.002441
0.002436
0.002431
0.002426
0.002421
0.002416
0.002411
0.002406
0.002401
0.002396
0.002391
0.002386
0.002381
0.002376
0.002371
0.002366
0.002362
0.002357
0.002352
0.002347
0.002342
0.002337
0.002332
0.002327
0.002323
0.002318
0.002313
0.002308
0.002303
0.002299
0.002294
0.002289
0.002284
0.002280
0.002275
0.002270
0.002265
0.002261
0.002256
0.002251
0.002247
0.002242
0.002237
0.002233
0.002228
0.002223
0.002219
0.002214
0.002210
0.002205
0.002200
0.002196
0.002191
0.002187
0.002182
0.002178
0.002173
0.002169
0.002164
0.002160
0.002155
0.002151
0.002146
0.002142
0.002137
0.002133
0.002128
0.002124
0.002120
0.002115
0.002111
0.002106
0.002102
0.002098
0.002093
0.002089
0.002085
0.002080
0.002076
0.002072
0.002067
0.002063
0.002059
0.002054
0.002050
0.002046
0.002042
0.002037
0.002033
0.002029
0.002025
0.002021
0.002016
0.002012
0.002008
0.002004
0.002000
0.001995
0.001991
0.001987
0.001983
0.001979
0.001975
0.001971
0.001967
0.001963
0.001959
0.001954
0.001950
0.001946
0.001942
0.001938
0.001934
0.001930
0.001926
0.001922
0.001918
0.001914
0.001910
0.001906
0.001902
0.001898
0.001894
0.001890
0.001887
0.001883
0.001879
0.001875
0.001871
0.001867
0.001863
0.001859
0.001855
0.001852
0.001848
0.001844
0.001840
0.001836
0.001832
0.001829
0.001825
0.001821
0.001817
0.001813
0.001810
0.001806
0.001802
0.001798
0.001795
0.001791
0.001787
0.001784
0.001780
0.001776
0.001772
0.001769
0.001765
0.001761
0.001758
0.001754
0.001751
0.001747
0.001743
0.001740
0.001736
0.001732
0.001729
0.001725
0.001722
0.001718
0.0016
0.001683
0.001679
0.001676
0.001672
0.001669
0.001665
0.001662
0.001658
0.001655
0.001652
0.001648
0.001645
0.001641
0.001638
0.001634
0.001631
0.001628
0.001624
0.001621
0.001618
0.001614
0.001611
0.001607
0.001604
0.001601
0.001597
0.001594
0.001591
0.001588
0.001584
0.001581
0.001578
0.001574
0.001571
0.001568
0.001565
0.001561
0.001558
0.001555
0.001552
0.001548
0.001545
0.001542
0.001539
0.001536
0.001532
0.001529
0.001526
0.001523
0.001520
0.001517
0.001513
0.001510
0.001507
0.001504
0.001501
0.001498
0.001495
0.001492
0.001488
0.001485
0.001482
0.001479
0.001476
0.001473
0.001470
0.001467
0.001464
0.001461
0.001458
0.001455
0.001452
0.001449
0.001446
0.001443
0.001440
0.001437
0.001434
0.001431
0.001428
0.001425
0.001422
0.001419
0.001416
0.001413
0.001410
0.001407
0.001404
0.001401
0.001398
0.001396
0.001393
0.001390
0.001387
0.001384
0.001381
0.001378
0.001375
0.001372
0.001370
0.001367
0.001364
0.001361
0.001358
0.001355
0.001353
0.001350
0.001347
0.001344
0.001341
0.001339
0.001336
0.001333
0.001330
0.001328
0.001325
0.001322
0.001319
0.001317
0.001314
0.001311
0.001308
0.001306
0.001303
0.001300
0.001298
0.001295
0.001292
0.001289
0.001287
0.001284
0.001281
0.001279
0.001276
0.001274
0.001271
0.001268
0.001266
0.001263
0.001260
0.001258
0.001255
0.001252
0.001250
0.001247
0.001245
0.001242
0.001240
0.001237
0.001234
0.001232
0.001229
0.001227
0.001224
0.001222
0.001219
0.001217
0.001214
0.001212
0.001209
0.001206
0.001204
0.001201
0.001199
0.001197
0.001194
0.001192
0.001189
0.001187
0.001184
0.001182
0.001179
0.001177
0.001174
0.001172
0.001169
0.001167
0.001165
0.001162
0.001160
0.001157
0.001155
0.001153
0.001150
0.001148
0.001145
0.001143
0.001141
0.001138
0.001136
0.001134
0.001131
0.001129
0.001126
0.001124
0.001122
0.001119
0.001117
0.001115
0.001113
0.001110
0.001108
0.001106
0.001103
0.001101
0.001099
0.001096
0.001094
0.001092
0.001090
0.001087
0.001085
0.001083
0.001081
0.001078
0.001076
0.001074
0.001072
0.001069
0.001067
0.001065
0.001063
0.001061
0.001058
0.001056
0.001054
0.001052
0.001050
0.001047
0.001045
0.001043
0.001041
0.001039
0.001037
0.001034
0.001032
0.001030
0.001028
0.001026
0.001024
0.001022
0.001019
0.001017
0.001015
0.001013
0.001011
0.001009
0.001007
0.001005
0.001003
0.001001
0.000999
0.000996
0.000994
0.000992
0.000990
0.000988
0.000986
0.000984
0.000982
0.000980
0.000978
0.000976
0.000974
0.000972
0.000970
0.000968
0.000966
0.000964
0.000962
0.000960
0.000958
0.000956
0.000954
0.000952
0.000950
0.000948
0.000946
0.000944
0.000942
0.000940
0.000938
0.000936
0.000934
0.000932
0.000930
0.000928
0.000927
0.000925
0.000923
0.000921
0.000919
0.000917
0.000915
0.000913
0.000911
0.000909
0.000907
0.000906
0.000904
0.000902
0.000900
0.000898
0.000896
0.000894
0.000892
0.000891
0.000889
0.000887
0.000885
0.000883
0.000881
0.000880
0.000878
0.000876
0.000874
0.000872
0.000870
0.000869
0.000867
0.000865
0.000863
0.000861
0.000860
0.000858
0.000856
0.000854
0.000853
0.000851
0.000849
0.000847
0.000846
0.000844
0.000842
0.000840
0.000839
0.000837
0.000835
0.000833
0.000832
0.000830
0.000828
0.000826
0.000825
0.000823
0.000821
0.000820
0.000818
0.000816
0.000814
0.000813
0.000811
0.000809
0.000808
0.000806
0.000804
0.000803
0.000801
0.000799
0.000798
0.000796
0.000794
0.000793
0.000791
0.000789
0.000788
0.000786
0.000785
0.000783
0.000781
0.000780
0.000778
0.000776
0.000775
0.000773
0.000772
0.000770
0.000768
0.000767
0.000765
0.000764
0.000762
0.000760
0.000759
0.000757
0.000756
0.000754
0.000753
0.000751
0.000749
0.000748
0.000746
0.000745
0.000743
0.000742
0.000740
0.000739
0.000737
0.000736
0.000734
0.000733
0.000731
0.000729
0.000728
0.000726
0.000725
0.000723
0.000722
0.000720
0.000719
0.000717
0.000716
0.000714
0.000713
0.000712
0.000710
0.000709
0.000707
0.000706
0.000704
0.000703
0.000701
0.000700
0.000698
0.000697
0.000695
0.000694
0.000693
0.000691
0.000690
0.000688
0.000687
0.000685
0.000684
0.000682
0.000681
0.000680
0.000678
0.000677
0.000675
0.000674
0.000673
0.000671
0.000670
0.000668
0.000667
0.000666
0.000664
0.000663
0.000662
0.000660
0.000659
0.000657
0.000656
0.000655
0.000653
0.000652
0.000651
0.000649
0.000648
0.000647
0.000645
0.000644
0.000643
0.000641
0.000640
0.000639
0.000637
0.000636
0.000635
0.000633
0.000632
0.000631
0.000629
0.000628
0.000627
0.000625
0.000624
0.000623
0.000622
0.000620
0.000619
0.000618
0.000616
0.000615
0.000614
0.000613
0.000611
0.000610
0.000609
0.000607
0.000606
0.000605
0.000604
0.000602
0.000601
0.000600
0.000599
0.000597
0.000596
0.000595
0.000594
0.000593
0.000591
0.000590
0.000589
0.000588
0.000586
0.000585
0.000584
0.000583
0.0
000578
0.000577
0.000576
0.000574
0.000573
0.000572
0.000571
0.000570
0.000568
0.000567
0.000566
0.000565
0.000564
0.000563
0.000561
0.000560
0.000559
0.000558
0.000557
0.000556
0.000554
0.000553
0.000552
0.000551
0.000550
0.000549
0.000548
0.000546
0.000545
0.000544
0.000543
0.000542
0.000541
0.000540
0.000538
0.000537
0.000536
0.000535
0.000534
0.000533
0.000532
0.000531
0.000530
0.000528
0.000527
0.000526
0.000525
0.000524
0.000523
0.000522
0.000521
0.000520
0.000519
0.000518
0.000517
0.000515
0.000514
0.000513
0.000512
0.000511
0.000510
0.000509
0.000508
0.000507
0.000506
0.000505
0.000504
0.000503
0.000502
0.000501
0.000500
0.000499
0.000498
0.000497
0.000496
0.000494
0.000493
0.000492
0.000491
0.000490
0.000489
0.000488
0.000487
0.000486
0.000485
0.000484
0.000483
0.000482
0.000481
0.000480
0.000479
0.000478
0.000477
0.000476
0.000475
0.000474
0.000473
0.000472
0.000471
0.000470
0.000469
0.000468
0.000467
0.000467
0.000466
0.000465
0.000464
0.000463
0.000462
0.000461
0.000460
0.000459
0.000458
0.000457
0.000456
0.000455
0.000454
0.000453
0.000452
0.000451
0.000450
0.000449
0.000448
0.000448
0.000447
0.000446
0.000445
0.000444
0.000443
0.000442
0.000441
0.000440
0.000439
0.000438
0.000437
0.000436
0.000436
0.000435
0.000434
0.000433
0.000432
0.000431
0.000430
0.000429
0.000428
0.000427
0.000427
0.000426
0.000425
0.000424
0.000423
0.000422
0.000421
0.000420
0.000420
0.000419
0.000418
0.000417
0.000416
0.000415
0.000414
0.000414
0.000413
0.000412
0.000411
0.000410
0.000409
0.000408
0.000408
0.000407
0.000406
0.000405
0.000404
0.000403
0.000402
0.000402
0.000401
0.000400
0.000399
0.000398
0.000397
0.000397
0.000396
0.000395
0.000394
0.000393
0.000393
0.000392
0.000391
0.000390
0.000389
0.000389
0.000388
0.000387
0.000386
0.000385
0.000384
0.000384
0.000383
0.000382
0.000381
0.000381
0.000380
0.000379
0.000378
0.000377
0.000377
0.000376
0.000375
0.000374
0.000373
0.000373
0.000372
0.000371
0.000370
0.000370
0.000369
0.000368
0.000367
0.000367
0.000366
0.000365
0.000364
0.000364
0.000363
0.000362
0.000361
0.000360
0.000360
0.000359
0.000358
0.000358
0.000357
0.000356
0.000355
0.000355
0.000354
0.000353
0.000352
0.000352
0.000351
0.000350
0.000349
0.000349
0.000348
0.000347
0.000347
0.000346
0.000345
0.000344
0.000344
0.000343
0.000342
0.000342
0.000341
0.000340
000337
0.000336
0.000335
0.000334
0.000334
0.000333
0.000332
0.000332
0.000331
0.000330
0.000330
0.000329
0.000328
0.000328
0.000327
0.000326
0.000326
0.000325
0.000324
0.000324
0.000323
0.000322
0.000322
0.000321
0.000320
0.000320
0.000319
0.000318
0.000318
0.000317
0.000316
0.000316
0.000315
0.000314
0.000314
0.000313
0.000312
0.000312
0.000311
0.000310
0.000310
0.000309
0.000308
0.000308
0.000307
0.000307
0.000306
0.000305
0.000305
0.000304
0.000303
0.000303
0.000302
0.000301
0.000301
0.000300
0.000300
0.000299
0.000298
0.000298
0.000297
0.000296
0.000296
0.000295
0.000295
0.000294
0.000293
0.000293
0.000292
0.000292
0.000291
0.000290
0.000290
0.000289
0.000289
0.000288
0.000287
0.000287
0.000286
0.000286
0.000285
0.000284
0.000284
0.000283
0.000283
0.000282
0.000281
0.000281
0.000280
0.000280
0.000279
0.000279
0.000278
0.000277
0.000277
0.000276
0.000276
0.000275
0.000275
0.000274
0.000273
0.000273
0.000272
0.000272
0.000271
0.000271
0.000270
0.000269
0.000269
0.000268
0.000268
0.000267
0.000267
0.000266
0.000266
0.000265
0.000264
0.000264
0.000263
0.000263
0.000262
0.000262
0.000261
0.000261
0.000260
0.000260
0.000259
0.000258
0.000258
0.000257
0.000257
0.000256
0.000256
0.000255
0.000255
0.000254
0.000254
0.000253
0.000253
0.000252
0.000252
0.000251
0.000251
0.000250
0.000249
0.000249
0.000248
0.000248
0.000247
0.000247
0.000246
0.000246
0.000245
0.000245
0.000244
0.000244
0.000243
0.000243
0.000242
0.000242
0.000241
0.000241
0.000240
0.000240
0.000239
0.000239
0.000238
0.000238
0.000237
0.000237
0.000236
0.000236
0.000235
0.000235
0.000234
0.000234
0.000233
0.000233
0.000232
0.000232
0.000231
0.000231
0.000231
0.000230
0.000230
0.000229
0.000229
0.000228
0.000228
0.000227
0.000227
0.000226
0.000226
0.000225
0.000225
0.000224
0.000224
0.000223
0.000223
0.000223
0.000222
0.000222
0.000221
0.000221
0.000220
0.000220
0.000219
0.000219
0.000218
0.000218
0.000218
0.000217
0.000217
0.000216
0.000216
0.000215
0.000215
0.000214
0.000214
0.000213
0.000213
0.000213
0.000212
0.000212
0.000211
0.000211
0.000210
0.000210
0.000210
0.000209
0.000209
0.000208
0.000208
0.000207
0.000207
0.000206
0.000206
0.000206
0.000205
0.000205
0.000204
0.000204
0.000204
0.000203
0.000203
0.000202
0.000202
0.000201
0.000201
0.000201
0.000200
0.000200
0.000199
0.000199
0.000198
0.000198

0.000194
0.000193
0.000193
0.000192
0.000192
0.000192
0.000191
0.000191
0.000190
0.000190
0.000190
0.000189
0.000189
0.000188
0.000188
0.000188
0.000187
0.000187
0.000186
0.000186
0.000186
0.000185
0.000185
0.000185
0.000184
0.000184
0.000183
0.000183
0.000183
0.000182
0.000182
0.000182
0.000181
0.000181
0.000180
0.000180
0.000180
0.000179
0.000179
0.000179
0.000178
0.000178
0.000177
0.000177
0.000177
0.000176
0.000176
0.000176
0.000175
0.000175
0.000174
0.000174
0.000174
0.000173
0.000173
0.000173
0.000172
0.000172
0.000172
0.000171
0.000171
0.000171
0.000170
0.000170
0.000169
0.000169
0.000169
0.000168
0.000168
0.000168
0.000167
0.000167
0.000167
0.000166
0.000166
0.000166
0.000165
0.000165
0.000165
0.000164
0.000164
0.000164
0.000163
0.000163
0.000163
0.000162
0.000162
0.000162
0.000161
0.000161
0.000161
0.000160
0.000160
0.000160
0.000159
0.000159
0.000159
0.000158
0.000158
0.000158
0.000157
0.000157
0.000157
0.000156
0.000156
0.000156
0.000155
0.000155
0.000155
0.000154
0.000154
0.000154
0.000153
0.000153
0.000153
0.000152
0.000152
0.000152
0.000151
0.000151
0.000151
0.000151
0.000150
0.000150
0.000150
0.000149
0.000149
0.000149
0.000148
0.000148
0.000148
0.000147
0.000147
0.000147
0.000147
0.000146
0.000146
0.000146
0.000145
0.000145
0.000145
0.000144
0.000144
0.000144
0.000144
0.000143
0.000143
0.000143
0.000142
0.000142
0.000142
0.000141
0.000141
0.000141
0.000141
0.000140
0.000140
0.000140
0.000139
0.000139
0.000139
0.000139
0.000138
0.000138
0.000138
0.000137
0.000137
0.000137
0.000137
0.000136
0.000136
0.000136
0.000135
0.000135
0.000135
0.000135
0.000134
0.000134
0.000134
0.000133
0.000133
0.000133
0.000133
0.000132
0.000132
0.000132
0.000132
0.000131
0.000131
0.000131
0.000130
0.000130
0.000130
0.000130
0.000129
0.000129
0.000129
0.000129
0.000128
0.000128
0.000128
0.000127
0.000127
0.000127
0.000127
0.000126
0.000126
0.000126
0.000126
0.000125
0.000125
0.000125
0.000125
0.000124
0.000124
0.000124
0.000124
0.000123
0.000123
0.000123
0.000123
0.000122
0.000122
0.000122
0.000122
0.000121
0.000121
0.000121
0.000121
0.000120
0.000120
0.000120
0.000120
0.000119
0.000119
0.000119
0.000119
0.000118
0.000118
0.000118
0.000118
0.000117
0.000117
0.000117
0.000117
0.000116
0.000116
0.000116
0.000116
0.000115
0.000115
0.000115
0.000115
0.000114
0.000114
0.0000.000113
0.000113
0.000113
0.000112
0.000112
0.000112
0.000112
0.000111
0.000111
0.000111
0.000111
0.000110
0.000110
0.000110
0.000110
0.000110
0.000109
0.000109
0.000109
0.000109
0.000108
0.000108
0.000108
0.000108
0.000107
0.000107
0.000107
0.000107
0.000107
0.000106
0.000106
0.000106
0.000106
0.000105
0.000105
0.000105
0.000105
0.000105
0.000104
0.000104
0.000104
0.000104
0.000104
0.000103
0.000103
0.000103
0.000103
0.000102
0.000102
0.000102
0.000102
0.000102
0.000101
0.000101
0.000101
0.000101
0.000101
0.000100
0.000100
0.000100
0.000100
0.000100
0.000099
0.000099
0.000099
0.000099
0.000098
0.000098
0.000098
0.000098
0.000098
0.000097
0.000097
0.000097
0.000097
0.000097
0.000096
0.000096
0.000096
0.000096
0.000096
0.000095
0.000095
0.000095
0.000095
0.000095
0.000094
0.000094
0.000094
0.000094
0.000094
0.000094
0.000093
0.000093
0.000093
0.000093
0.000093
0.000092
0.000092
0.000092
0.000092
0.000092
0.000091
0.000091
0.000091
0.000091
0.000091
0.000090
0.000090
0.000090
0.000090
0.000090
0.000090
0.000089
0.000089
0.000089
0.000089
0.000089
0.000088
0.000088
0.000088
0.000088
0.000088
0.000087
0.000087
0.000087
0.000087
0.000087
0.000087
0.000086
0.000086
0.000086
0.000086
0.000086
0.000086
0.000085
0.000085
0.000085
0.000085
0.000085
0.000084
0.000084
0.000084
0.000084
0.000084
0.000084
0.000083
0.000083
0.000083
0.000083
0.000083
0.000083
0.000082
0.000082
0.000082
0.000082
0.000082
0.000082
0.000081
0.000081
0.000081
0.000081
0.000081
0.000081
0.000080
0.000080
0.000080
0.000080
0.000080
0.000080
0.000079
0.000079
0.000079
0.000079
0.000079
0.000079
0.000078
0.000078
0.000078
0.000078
0.000078
0.000078
0.000077
0.000077
0.000077
0.000077
0.000077
0.000077
0.000076
0.000076
0.000076
0.000076
0.000076
0.000076
0.000075
0.000075
0.000075
0.000075
0.000075
0.000075
0.000075
0.000074
0.000074
0.000074
0.000074
0.000074
0.000074
0.000073
0.000073
0.000073
0.000073
0.000073
0.000073
0.000073
0.000072
0.000072
0.000072
0.000072
0.000072
0.000072
0.000072
0.000071
0.000071
0.000071
0.000071
0.000071
0.000071
0.000070
0.000070
0.000070
0.000070
0.000070
0.000070
0.000070
0.000069
0.000069
0.000069
0.000069
0.000069
0.000069
0.000069
0.000068
0.000068
0.000068
0.000068
0.000068
0.000068
0.000068
0.000067
0.000067
0.000067
0.000067
0.000067
0.000067
0.000067
0.000066066
0.000066
0.000065
0.000065
0.000065
0.000065
0.000065
0.000065
0.000065
0.000064
0.000064
0.000064
0.000064
0.000064
0.000064
0.000064
0.000064
0.000063
0.000063
0.000063
0.000063
0.000063
0.000063
0.000063
0.000062
0.000062
0.000062
0.000062
0.000062
0.000062
0.000062
0.000062
0.000061
0.000061
0.000061
0.000061
0.000061
0.000061
0.000061
0.000061
0.000060
0.000060
0.000060
0.000060
0.000060
0.000060
0.000060
0.000060
0.000059
0.000059
0.000059
0.000059
0.000059
0.000059
0.000059
0.000059
0.000058
0.000058
0.000058
0.000058
0.000058
0.000058
0.000058
0.000058
0.000057
0.000057
0.000057
0.000057
0.000057
0.000057
0.000057
0.000057
0.000057
0.000056
0.000056
0.000056
0.000056
0.000056
0.000056
0.000056
0.000056
0.000055
0.000055
0.000055
0.000055
0.000055
0.000055
0.000055
0.000055
0.000055
0.000054
0.000054
0.000054
0.000054
0.000054
0.000054
0.000054
0.000054
0.000054
0.000053
0.000053
0.000053
0.000053
0.000053
0.000053
0.000053
0.000053
0.000053
0.000052
0.000052
0.000052
0.000052
0.000052
0.000052
0.000052
0.000052
0.000052
0.000051
0.000051
0.000051
0.000051
0.000051
0.000051
0.000051
0.000051
0.000051
0.000051
0.000050
0.000050
0.000050
0.000050
0.000050
0.000050
0.000050
0.000050
0.000050
0.000049
0.000049
0.000049
0.000049
0.000049
0.000049
0.000049
0.000049
0.000049
0.000049
0.000048
0.000048
0.000048
0.000048
0.000048
0.000048
0.000048
0.000048
0.000048
0.000048
0.000047
0.000047
0.000047
0.000047
0.000047
0.000047
0.000047
0.000047
0.000047
0.000047
0.000046
0.000046
0.000046
0.000046
0.000046
0.000046
0.000046
0.000046
0.000046
0.000046
0.000046
0.000045
0.000045
0.000045
0.000045
0.000045
0.000045
0.000045
0.000045
0.000045
0.000045
0.000045
0.000044
0.000044
0.000044
0.000044
0.000044
0.000044
0.000044
0.000044
0.000044
0.000044
0.000044
0.000043
0.000043
0.000043
0.000043
0.000043
0.000043
0.000043
0.000043
0.000043
0.000043
0.000043
0.000042
0.000042
0.000042
0.000042
0.000042
0.000042
0.000042
0.000042
0.000042
0.000042
0.000042
0.000041
0.000041
0.000041
0.000041
0.000041
0.000041
0.000041
0.000041
0.000041
0.000041
0.000041
0.000041
0.000040
0.000040
0.000040
0.000040
0.000040
0.000040
0.000040
0.000040
0.000040
0.000040
0.000040
0.000040
0.000039
0.000039
0.000039
0.000039
0.000039
0.000039
0.000039
0.000039
0.000039
0.000039
0.000039
0.0000038
0.000038
0.000038
0.000038
0.000038
0.000038
0.000037
0.000037
0.000037
0.000037
0.000037
0.000037
0.000037
0.000037
0.000037
0.000037
0.000037
0.000037
0.000037
0.000036
0.000036
0.000036
0.000036
0.000036
0.000036
0.000036
0.000036
0.000036
0.000036
0.000036
0.000036
0.000036
0.000035
0.000035
0.000035
0.000035
0.000035
0.000035
0.000035
0.000035
0.000035
0.000035
0.000035
0.000035
0.000035
0.000035
0.000034
0.000034
0.000034
0.000034
0.000034
0.000034
0.000034
0.000034
0.000034
0.000034
0.000034
0.000034
0.000034
0.000034
0.000033
0.000033
0.000033
0.000033
0.000033
0.000033
0.000033
0.000033
0.000033
0.000033
0.000033
0.000033
0.000033
0.000033
0.000033
0.000032
0.000032
0.000032
0.000032
0.000032
0.000032
0.000032
0.000032
0.000032
0.000032
0.000032
0.000032
0.000032
0.000032
0.000032
0.000031
0.000031
0.000031
0.000031
0.000031
0.000031
0.000031
0.000031
0.000031
0.000031
0.000031
0.000031
0.000031
0.000031
0.000031
0.000030
0.000030
0.000030
0.000030
0.000030
0.000030
0.000030
0.000030
0.000030
0.000030
0.000030
0.000030
0.000030
0.000030
0.000030
0.000030
0.000029
0.000029
0.000029
0.000029
0.000029
0.000029
0.000029
0.000029
0.000029
0.000029
0.000029
0.000029
0.000029
0.000029
0.000029
0.000029
0.000029
0.000028
0.000028
0.000028
0.000028
0.000028
0.000028
0.000028
0.000028
0.000028
0.000028
0.000028
0.000028
0.000028
0.000028
0.000028
0.000028
0.000028
0.000027
0.000027
0.000027
0.000027
0.000027
0.000027
0.000027
0.000027
0.000027
0.000027
0.000027
0.000027
0.000027
0.000027
0.000027
0.000027
0.000027
0.000027
0.000026
0.000026
0.000026
0.000026
0.000026
0.000026
0.000026
0.000026
0.000026
0.000026
0.000026
0.000026
0.000026
0.000026
0.000026
0.000026
0.000026
0.000026
0.000025
0.000025
0.000025
0.000025
0.000025
0.000025
0.000025
0.000025
0.000025
0.000025
0.000025
0.000025
0.000025
0.000025
0.000025
0.000025
0.000025
0.000025
0.000025
0.000025
0.000024
0.000024
0.000024
0.000024
0.000024
0.000024
0.000024
0.000024
0.000024
0.000024
0.000024
0.000024
0.000024
0.000024
0.000024
0.000024
0.000024
0.000024
0.000024
0.000024
0.000023
0.000023
0.000023
0.000023
0.000023
0.000023
0.000023
0.000023
0.000023
0.000023
0.000023
0.000023
0.000023
0.000023
0.000023
0.000023
0.000023
0.000023
0.000023
0.000023
0.000023
0.000022
0.000022
0.000022
0.000022
0.000022
0.000022
0.000022
0.000022
0.000022
0.000022
0.000022
0.000022
0.000022
0.000022
0.000022
0.000022
0.000022
0.000022
0.000022
0.000022
0.000022
0.000021
0.000021
0.000021
0.000021
0.000021
0.000021
0.000021
0.000021
0.000021
0.000021
0.000021
0.000021
0.000021
0.000021
0.000021
0.000021
0.000021
0.000021
0.000021
0.000021
0.000021
0.000021
0.000021
0.000020
0.000020
0.000020
0.000020
0.000020
0.000020
0.000020
0.000020
0.000020
0.000020
0.000020
0.000020
0.000020
0.000020
0.000020
0.000020
0.000020
0.000020
0.000020
0.000020
0.000020
0.000020
0.000020
0.000020
0.000019
0.000019
0.000019
0.000019
0.000019
0.000019
0.000019
0.000019
0.000019
0.000019
0.000019
0.000019
0.000019
0.000019
0.000019
0.000019
0.000019
0.000019
0.000019
0.000019
0.000019
0.000019
0.000019
0.000019
0.000019
0.000019
0.000018
0.000018
0.000018
0.000018
0.000018
0.000018
0.000018
0.000018
0.000018
0.000018
0.000018
0.000018
0.000018
0.000018
0.000018
0.000018
0.000018
0.000018
0.000018
0.000018
0.000018
0.000018
0.000018
0.000018
0.000018
0.000018
0.000017
0.000017
0.000017
0.000017
0.000017
0.000017
0.000017
0.000017
0.000017
0.000017
0.000017
0.000017
0.000017
0.000017
0.000017
0.000017
0.000017
0.000017
0.000017
0.000017
0.000017
0.000017
0.000017
0.000017
0.000017
0.000017
0.000017
0.000017
0.000017
0.000016
0.000016
0.000016
0.000016
0.000016
0.000016
0.000016
0.000016
0.000016
0.000016
0.000016
0.000016
0.000016
0.000016
0.000016
0.000016
0.000016
0.000016
0.000016
0.000016
0.000016
0.000016
0.000016
0.000016
0.000016
0.000016
0.000016
0.000016
0.000016
0.000016
0.000015
0.000015
0.000015
0.000015
0.000015
0.000015
0.000015
0.000015
0.000015
0.000015
0.000015
0.000015
0.000015
0.000015
0.000015
0.000015
0.000015
0.000015
0.000015
0.000015
0.000015
0.000015
0.000015
0.000015
0.000015
0.000015
0.000015
0.000015
0.000015
0.000015
0.000015
0.000015
0.000014
0.000014
0.000014
0.000014
0.000014
0.000014
0.000014
0.000014
0.000014
0.000014
0.000014
0.000014
0.000014
0.000014
0.000014
0.000014
0.000014
0.000014
0.000014
0.000014
0.000014
0.000014
0.000014
0.000014
0.000014
0.000014
0.000014
0.000014
0.000014
0.000014
0.000014
0.000014
0.000014
0.000014
0.000013
0.000013
0.000013
0.000013
0.000013
0.000013
0.000013
0.000013
0.000013
0.000013
0.000013
0.000013
0.000013
0.000013
0.000013
0.000013
0.000013
0.000013
0.000013
0.000013
0.000013
0.000013
0.000013
0.000013
0.000013
0.000013
0.000013
0.000013
0.000013
0.000013
0.000013
0.000013
0.000013
0.000013
0.000013
0.000013
0.000013
0.000012
0.000012
0.000012
0.000012
0.000012
0.000012
0.000012
0.000012
0.000012
0.000012
0.000012
0.000012
0.000012
0.000012
0.000012
0.000012
0.000012
0.000012
0.000012
0.000012
0.000012
0.000012
0.000012
0.000012
0.000012
0.000012
0.000012
0.000012
0.000012
0.000012
0.000012
0.000012
0.000012
0.000012
0.000012
0.000012
0.000012
0.000012
0.000012
0.000012
0.000011
0.000011
0.000011
0.000011
0.000011
0.000011
0.000011
0.000011
0.000011
0.000011
0.000011
0.000011
0.000011
0.000011
0.000011
0.000011
0.000011
0.000011
0.000011
0.000011
0.000011
0.000011
0.000011
0.000
000010
0.000010
0.000010
0.000010
0.000010
0.000010
0.000010
0.000010
0.000010
0.000009
0.000009
0.000009
0.000009
0.000009
0.000009
0.000009
0.000009
0.000009
0.000009
0.000009
0.000009
0.000009
0.000009
0.000009
0.000009
0.000009
0.000009
0.000009
0.000009
0.000009
0.000009
0.000009
0.000009
0.000009
0.000009
0.000009
0.000009
0.000009
0.000009
0.000009
0.000009
0.000009
0.000009
0.000009
0.000009
0.000009
0.000009
0.000009
0.000009
0.000009
0.000009
0.000009
0.000009
0.000009
0.000009
0.000009
0.000009
0.000009
0.000009
0.000009
0.000009
0.000009
0.000009
0.000008
0.000008
0.000008
0.000008
0.000008
0.000008
0.000008
0.000008
0.000008
0.000008
0.000008
0.000008
0.000008
0.000008
0.000008
0.000008
0.000008
0.000008
0.000008
0.000008
0.000008
0.000008
0.000008
0.000008
0.000008
0.000008
0.000008
0.000008
0.000008
0.000008
0.000008
0.000008
0.000008
0.000008
0.000008
0.000008
0.000008
0.000008
0.000008
0.000008
0.000008
0.000008
0.000008
0.000008
0.000008
0.000008
0.000008
0.000008
0.000008
0.000008
0.000008
0.000008
0.000008
0.000008
0.000008
0.000008
0.000008
0.000008
0.000008
0.000008
0.000007
0.000007
0.000007
0.000007
0.000007
0.000007
0.000007
0.000007
0.000007
0.000007
0.000007
0.000007
0.000007
0.000007
0.000007
0.000007
0.000007
0.000007
0.000007
0.000007
0.000007
0.000007
0.000007
0.000007
0.000007
0.000007
0.000007
0.000007
0.000007
0.000007
0.000007
0.000007
0.000007
0.000007
0.000007
0.000007
0.000007
0.000007
0.000007
0.000007
0.000007
0.000007
0.000007
0.000007
0.000007
0.000007
0.000007
0.000007
0.000007
0.000007
0.000007
0.000007
0.000007
0.000007
0.000007
0.000007
0.000007
0.000007
0.000007
0.000007
0.000007
0.000007
0.000007
0.000007
0.000007
0.000007
0.000007
0.000007
0.000007
0.000006
0.000006
0.000006
0.000006
0.000006
0.000006
0.000006
0.000006
0.000006
0.000006
0.000006
0.000006
0.000006
0.000006
0.000006
0.000006
0.000006
0.000006
0.000006
0.000006
0.000006
0.000006
0.000006
0.000006
0.000006
0.000006
0.000006
0.000006
0.000006
0.000006
0.000006
0.000006
0.000006
0.000006
0.000006
0.000006
0.000006
0.000006
0.000006
0.000006
0.000006
0.000006
0.000006
0.000006
0.000006
0.000006
0.000006
0.000006
0.000006
0.000006
0.000006
0.000006
0.000006
0.000006
0.000006
0.000006
0.000006
0.000006
0.000006
0.000006
0.000006
0.000006
0.000006
0.000006
0.000006
0.000006
0.000006
0.000006
0.000006
0.000006
0.000006
0.000006
0.000006
0.000006
0.000006
0.000006
0.000006
0.000006
0.000006
0.000006
0.000005
0.000005
0.000005
0.000005
0.000005
0.000005
0.000005
0.000005
0.000005
0.000005
0.000005
0.000005
0.000005
0.000005
0.000005
0.000005
0.000005
0.000005
0.000005
0.000005
0.000005
0.000005
0.000005
0.000005
0.000005
0.000005
0.000005
0.000005
0.000005
0.000005
0.000005
0.000005
0.000005
0.000005
0.000005
0.000005
0.000005
0.000005
0.000005
0.000005
0.000005
0.000005
0.000005
0.000005
0.000005
0.000005
0.000005
0.000005
0.000005
0.000005
0.000005
0.000005
0.000005
0.000005
0.000005
0.000005
0.000005
0.000005
0.000005
0.000005
0.000005
0.000005
0.000005
0.000005
0.000005
0.000005
0.000005
0.000005
0.000005
0.000005
0.000005
0.000005
0.000005
0.000005
0.000005
0.000005
0.000005
0.000005
0.000005
0.000005
0.000005
0.000005
0.000005
0.000005
0.000005
0.000005
0.000005
0.000005
0.000005
0.000005
0.000005
0.000005
0.000005
0.000005
0.000005
0.000005
0.000005
0.000004
0.000004
0.000004
0.000004
0.000004
0.000004
0.000004
0.000004
0.000004
0.000004
0.000004
0.000004
0.000004
0.000004
0.000004
0.000004
0.000004
0.000004
0.000004
0.000004
0.000004
0.000004
0.000004
0.000004
0.000004
0.000004
0.000004
0.000004
0.000004
0.000004
0.000004
0.000004
0.000004
0.000004
0.000004
0.000004
0.000004
0.000004
0.000004
0.000004
0.000004
0.000004
0.000004
0.000004
0.000004
0.000004
0.000004
0.000004
0.000004
0.000004
0.000004
0.000004
0.000004
0.000004
0.000004
0.000004
0.000004
0.000004
0.000004
0.000004
0.000004
0.000004
0.000004
0.000004
0.000004
0.000004
0.000004
0.000004
0.000004
0.000004
0.000004
0.000004
0.000004
0.000004
0.000004
0.000004
0.000004
0.000004
0.000004
0.000004
0.000004
0.000004
0.000004
0.000004
0.000004
0.000004
0.000004
0.000004
0.000004
0.000004
0.000004
0.000004
0.000004
0.000004
0.000004
0.000004
0.000004
0.000004
0.000004
0.000004
0.000004
0.000004
0.000004
0.000004
0.000004
0.000004
0.000004
0.000004
0.000004
0.000004
0.000004
0.000004
0.000004
0.000004
0.000004
0.000004
0.000004
0.000004
0.000004
0.000004
0.000004
0.000003
0.000003
0.000003
0.000003
0.000003
0.000003
0.000003
0.000003
0.000003
0.000003
0.000003
0.000003
0.000003
0.000003
0.000003
0.000003
0.000003
0.000003
0.000003
0.000003
0.000003
0.000003
0.000003
0.000003
0.000003
0.000003
0.000003
0.000003
0.000003
0.000003
0.000003
0.000003
0.000003
0.000003
0.000003
0.000003
0.000003
0.000003
0.000003
0.000003
0.000003
0.000003
0.000003
0.000003
0.000003
0.000003
0.000003
0.000003
0.000003
0.000003
0.000003
0.000003
0.000003
0.000003
0.000003
0.000003
0.000003
0.000003
0.000003
0.000003
0.000003
0.000003
0.000003
0.000003
0.000003
0.000003
0.000003
0.000003
0.000003
0.000003
0.000003
0.000003
0.000003
0.000003
0.000003
0.000003
0.000003
0.000003
0.000003
0.000003
0.000003
0.000003
0.000003
0.000003
0.000003
0.000003
0.000003
0.000003
0.000003
0.000003
0.000003
0.000003
0.000003
0.000003
0.000003
0.000003
0.000003
0.000003
0.000003
0.000003
0.000003
0.000003
0.000003
0.000003
0.000003
0.000003
0.000003
0..000003
0.000003
0.000003
0.000003
0.000003
0.000003
0.000003
0.000002
0.000002
0.000002
0.000002
0.000002
0.000002
0.000002
0.000002
0.000002
0.000002
0.000002
0.000002
0.000002
0.000002
0.000002
0.000002
0.000002
0.000002
0.000002
0.000002
0.000002
0.000002
0.000002
0.000002
0.000002
0.000002
0.000002
0.000002
0.000002
0.000002
0.000002
0.000002
0.000002
0.000002
0.000002
0.000002
0.000002
0.000002
0.000002
0.000002
0.000002
0.000002
0.000002
0.000002
0.000002
0.000002
0.000002
0.000002
0.000002
0.000002
0.000002
0.000002
0.000002
0.000002
0.000002
0.000002
0.000002
0.000002
0.000002
0.000002
0.000002
0.000002
0.000002
0.000002
0.000002
0.000002
0.000002
0.000002
0.000002
0.000002
0.000002
0.000002
0.000002
0.000002
0.000002
0.000002
0.000002
0.000002
0.000002
0.000002
0.000002
0.000002
0.000002
0.000002
0.000002
0.000002
0.000002
0.000002
0.000002
0.000002
0.000002
0.000002
0.000002
0.000002
0.000002
0.000002
0.000002
0.000002
0.000002
0.000002
0.000002
0.000002
0.000002
0.000002
0.000002
0.000002
0.000002
0.000002
0.000002
0.000002
0.000002
0.000002
0.000002
0.000002
0.000002
0.000002
0.000002
0.000002
0.000002
0.000002
0.000002
0.000002
0.000002
0.000002
0.000002
0.000002
0.000002
0.000002
0.000002
0.000002
0.000002
0.000002
0.000002
0.000002
0.000002
0.000002
0.000002
0.000002
0.000002
0.000002
0.000002
0.000002
0.000002
0.000002
0.000002
0.000002
0.000002
0.000002
0.000002
0.000002
0.000002
0.000002
0.000002
0.000002
0.000002
0.000002
0.000002
0.000002
0.000002
0.000002
0.000002
0.000002
0.000002
0.000002
0.000002
0.000002
0.000002
0.000002
0.000002
0.000002
0.000002
0.000002
0.000002
0.000002
0.000002
0.000002
0.000002
0.000002
0.000002
0.000002
0.000002
0.000002
0.000002
0.000002
0.000002
0.000002
0.000002
0.000002
0.000002
0.000002
0.000002
0.000002
0.000002
0.000002
0.000002
0.000002
0.000002
0.000002
0.000002
0.000002
0.000002
0.000002
0.000002
0.000002
0.000002
0.000002
0.000002
0.000002
0.000002
0.000002
0.000002
0.000002
0.000002
0.000002
0.000002
0.000002
0.000002
0.000002
0.000002
0.000002
0.000002
0.000002
0.000002
0.000002
0.000002
0.000002
0.000002
0.000002
0.000002
0.000002
0.000002
0.000002
0.000002
0.000002
0.000002
0.000002
0.000002
0.000002
0.000002
0.000002
0.000002
0.000002
0.000002
0.000002
0.000002
0.000002
0.000001
0.000001
0.000001
0.000001
0.000001
0.000001
0.000001
0.000001
0.000001
0.000001
0.000001
0.000001
0.000001
0.000001
0.000001
0.000001
0.000001
0.000001
0.000001
0.000001
0.000001
0.000001
0.000001
0.000001
0.000001
0.000001
0.000001
0.000001
0.000001
0.000001
0.000001
0.000001
0.000001
0.000001
0.000001
0.000001
0.000001
0.000001
0.000001
0.000001
0.000001
0.000001
0.000001
0.000001
0.000001
0.000001
0.000001
0.000001
0.000001
0.000001
0.000001
0.000001
0.000001
0.000001
0.000001
0.000001
0.000001
0.000001
0.000001
0.000001
0.000001
0.000001
0.000001
0.000001
0.000001
0.000001
0.000001
0.000001
0.000001
0.000001
0.000001
0.000001
0.000001
0.000001
0.000001
0.000001
0.000001
0.000001
0.000001
0.000001
0.000001
0.000001
0.000001
0.000001
0.000001
0.000001
0.000001
0.000001
0.000001
0.000001
0.000001
0.000001
0.000001
0.000001
0.000001
0.000001
0.000001
0.000001
0.000001
0.000001
0.000001
0.000001
0.000001
0.000001
0.000001
0.000001
0.000001
0.000001
0.000001
0.000001
0.000001
0.000001
0.000001
0.000001
0.000001
0.000001
0.000001
0.000001
0.000001
0.000001
0.000001
0.000001
0.000001
0.000001
0.000001
0.000001
0.000001
0.000001
0.000001
0.000001
0.000001
0.000001
0.000001
0.000001
0.000001
0.000001
0.000001
0.000001
0.000001
0.000001
0.000001
0.000001
0.000001
0.000001
0.000001
0.000001
0.000001
0.000001
0.000001
0.000001
0.000001
0.000001
0.000001
0.000001
0.000001
0.000001
0.000001
0.000001
0.000001
0.000001
0.000001
0.000001
0.000001
0.000001
0.000001
0.000001
0.000001
0.000001
0.000001
0.000001
0.000001
0.000001
0.000001
0.000001
0.000001
0.000001
0.000001
0.000001
0.000001
0.000001
0.000001
0.000001
0.000001
0.000001
0.000001
0.000001
0.000001
0.000001
0.000001
0.000001
0.000001
0.000001
0.000001
0.000001
0.000001
0.000001
0.000001
0.000001
0.000001
0.000001
0.000001
0.000001
0.000001
0.000001
0.000001
0.000001
0.000001
0.000001
0.000001
0.000001
0.000001
0.000001
0.000001
0.000001
0.000001
0.000001
0.000001
0.000001
0.000001
0.000001
0.000001
0.000001
0.000001
0.000001
0.000001
0.000001
0.000001
0.000001
0.000001
0.000001
0.000001
0.000001
0.000001
0.000001
0.000001
0.000001
0.000001
0.000001
0.000001
0.000001
0.000001
0.000001
0.000001
0.000001
0.000001
0.000001
0.000001
0.000001
0.000001
0.000001
0.000001
0.000001
0.000001
0.000001
0.000001
0.000001
0.000001
0.000001
0.000001
0.000001
0.000001
0.000001
0.000001
0.000001
0.000001
0.000001
0.000001
0.000001
0.000001
0.000001
0.000001
0.000001
0.000001
0.000001
0.000001
0.000001
0.000001
0.000001
0.000001
0.000001
0.000001
0.000001
0.000001
0.000001
0.000001
0.000001
0.000001
0.000001
0.000001
0.000001
0.000001
0.000001
0.000001
0.000001
0.000001
0.000001
0.000001
0.000001
0.000001
0.000001
0.000001
0.000001
0.000001
0.000001
0.000001
0.000001
0.000001
0.000001
0.000001
0.000001
0.000001
0.000001
0.000001
0.000001
0.000001
0.000001
0.000001
0.000001
0.000001
0.000001
0.000001
0.000001
0.000001
0.000001
0.000001
0.000001
0.000001
0.000001
0.000001
0.000001
0.000001
0.000001
0.000001
0.000001
0.000001
0.000001
0.000001
0.000001
0.000001
0.000001
0.000001
0.000001
0.000001
0.000001
0.000001
0.000001
0.000001
0.000001
0.000001
0.000001
0.000001
0.000001
0.000001
0.000001
0.000001
0.000001
0.000001
0.000001
0.000001
0.000001
0.000001
0.000001
0.000001
0.000001
0.000001
0.000001
0.000001
0.000001
0.000001
0.000001
0.000001
0.000001
0.000001
0.000001
0.000001
0.000001
0.000001
0.000001
0.000001
0.000001
0.000001
0.000001
0.000001
0.000001
0.000001
0.000001
0.000001
0.000001
0.000001
0.000001
0.000001
0.000001
0.000001
0.000001
0.000001
0.000001
0.000001
0.000001
0.000001
0.000001
0.000001
0.000001
0.000001
0.000001
0.000001
0.000001
0.000001
0.000001
0.000001
0.000001
0.000001
0.000001
0.000001
0.000001
0.000001
0.000001
0.000001
0.000001
0.000001
0.000001
0.000001
0.000001
0.000001
0.000001
0.000001
0.000001
0.000001
0.000001
0.000001
0.000001
0.000001
0.000001
0.000001
0.000001
0.000001
0.000001
0.000001
0.000001
0.000001
0.000001
0.000001
0.000001
0.000001
0.000001
0.000001
0.000001
0.000001
0.000001
0.000001
0.000001
0.000001
0.000001
0.000001
0.000001
0.000001
0.000001
0.000001
0.000001
0.000001
0.000001
0.000001
0.000001
0.000001
0.000001
0.000001
0.000001
0.000001
0.000001
0.000001
0.000001
0.000001
0.000001
0.000001
0.000001
0.000001
0.000001
0.000001
0.000001
0.000001
0.000001
0.000001
0.000001
0.000001
0.000001
0.000001
0.000001
0.000001
0.000001
0.000001
0.000001
0.000001
0.000001
0.000001
0.000001
0.000001
0.000001
0.000001
0.000001
0.000001
0.000001
0.000001
0.000001
0.000001
0.000001
0.000001
0.000001
0.000001
0.000001
0.000001
0.000001
0.000001
0.000001
0.000001
0.000001
0.000001
0.000001
0.000001
0.000001
0.000001
0.000001
0.000001
0.000001
0.000001
0.000001
0.000001
0.000001
0.000001
0.000001
0.000000
0.000000
0.000000
0.000000
0.000000
0.000000
0.000000
0.000000
0.000000
0.000000
0.000000
0.000000
0.000000
0.000000
0.000000
0.000000
0.000000
0.000000
0.000000
0.000000
0.000000
0.000000
0.000000
0.000000
0.000000
0.000000
0.000000
0.000000
0.000000
0.000000
0.000000
0.000000
0.000000
0.000000
0.000000
0.000000
0.000000
0.000000
0.000000
0.000000
0.000000
0.000000
0.000000
0.000000
0.000000
0.000000
0.000000
0.000000
0.000000
0.000000
0.000000
0.000000
0.000000
0.000000
0.000000
0.000000
0.000000
0.000000
0.000000
0.000000
0.000000
0.000000
0.000000
0.000000
0.000000
0.000000
0.000000
0.000000
0.000000
0.000000
0.000000
0.000000
0.000000
0.000000
0.000000
0.000000
0.000000
0.000000
0.000000
0.000000
0.000000
0.000000
0.000000
0.000000
0.000000
0.000000
0.000000
0.000000
0.000000
0.000000
0.000000
0.000000
0.000000
0.000000
0.000000
0.000000
0.000000
0.000000
0.000000
0.000000
0.000000
0.000000
0.000000
0.000000
0.000000
0.000000
0.000000
0.000000
0.000000
0.000000
0.000000
0.000000
0.000000
0.000000
0.000000
0.000000
0.000000
0.000000
0.000000
0.000000
0.000000
0.000000
0.000000
0.000000
0.000000
0.000000
0.000000
0.000000
0.000000
0.000000
0.000000
0.000000
0.000000
0.000000
0.000000
0.000000
0.000000
0.000000
0.000000
0.000000
0.000000
0.000000
0.000000
0.000000
0.000000
0.000000
0.000000
0.000000
0.000000
0.000000
0.000000
0.000000
0.000000
0.000000
0.000000
0.000000
0.000000
0.000000
0.000000
0.000000
0.000000
0.000000
0.000000
0.000000
0.000000
0.000000
0.000000
0.000000
0.000000
0.000000
0.000000
0.000000
0.000000
0.000000
0.000000
0.000000
0.000000
0.000000
0.000000
0.000000
0.000000
0.000000
0.000000
0.000000
0.000000
0.000000
0.000000
0.000000
0.000000
0.000000
0.000000
0.000000
0.000000
0.000000
0.000000
0.000000
0.000000
0.000000
0.000000
0.000000
0.000000
0.000000
0.000000
0.000000
0.000000
0.000000
0.000000
0.000000
0.000000
0.000000
0.000000
0.000000
0.000000
0.000000
0.000000
0.000000
0.000000
0.000000
0.000000
0.000000
0.000000
0.000000
0.000000
0.000000
0.000000
0.000000
0.000000
0.000000
0.000000
0.000000
0.000000
0.000000
0.000000
0.000000
0.000000
0.000000
0.000000
0.000000
0.000000
0.000000
0.000000
0.000000
0.000000
0.000000
0.000000
0.000000
0.000000
0.000000
0.000000
0.000000
0.000000
0.000000
0.000000
0.000000
0.000000
0.000000
0.000000
0.000000
0.000000
0.000000
0.000000
0.000000
0.000000
0.000000
0.000000
0.000000
0.000000
0.000000
0.000000
0.000000
0.000000
0.000000
0.000000
0.000000
0.000000
0.000000
0.000000
0.000000
0.000000
0.000000
0.000000
0.000000
0.000000
0.000000
0.000000
0.000000
0.000000
0.000000
0.000000
0.000000
0.000000
0.000000
0.000000
0.000000
0.000000
0.000000
0.000000
0.000000
0.000000
0.000000
0.000000
0.000000
0.000000
0.000000
0.000000
0.000000
0.000000
0.000000
0.000000
0.000000
0.000000
0.000000
0.000000
0.000000
0.000000
0.000000
0.000000
0.000000
0.000000
0.000000
0.000000
0.000000
0.000000
0.000000
0.000000
0.000000
0.000000
0.000000
0.000000
0.000000
0.000000
0.000000
0.000000
0.000000
0.000000
0.000000
0.000000
0.000000
0.000000
0.000000
0.000000
0.000000
0.000000
0.000000
0.000000
0.000000
0.000000
0.000000
0.000000
0.000000
0.000000
0.000000
0.000000
0.000000
0.000000
0.000000
0.000000
0.000000
0.000000
0.000000
0.000000
0.000000
0.000000
0.000000
0.000000
0.000000
0.000000
0.000000
0.000000
0.000000
0.000000
0.000000
0.000000
0.000000
0.000000
0.000000
0.000000
0.000000
0.000000
0.000000
0.000000
0.000000
0.000000
0.000000
0.000000
0.000000
0.000000
0.000000
0.000000
0.000000
0.000000
0.000000
0.000000
0.000000
0.000000
0.000000
0.000000
0.000000
0.000000
0.000000
0.000000
0.000000
0.000000
0.000000
0.000000
0.000000
0.000000
0.000000
0.000000
0.000000
0.000000
0.000000
0.000000
0.000000
0.000000
0.000000
0.000000
0.000000
0.000000
0.000000
0.000000
0.000000
0.000000
0.000000
0.000000
0.000000
0.000000
0.000000
0.000000
0.000000
0.000000
0.000000
0.000000
0.000000
0.000000
0.000000
0.000000
0.000000
0.000000
0.000000
0.000000
0.000000
0.000000
0.000000
0.000000
0.000000
0.000000
0.000000
0.000000
0.000000
0.000000
0.000000
0.000000
0.000000
0.000000
0.000000
0.000000
0.000000
0.000000
0.000000
0.000000
0.000000
0.000000
0.000000
0.000000
0.000000
0.000000
0.000000
0.000000
0.000000
0.000000
0.000000
0.000000
0.000000
0.000000
0.000000
0.000000
0.000000
0.000000
0.000000
0.000000
0.000000
0.000000
0.000000
0.000000
0.000000
0.000000
0.000000
0.000000
0.000000
0.000000
0.000000
0.000000
0.000000
0.000000
0.000000
0.000000
0.000000
0.000000
0.000000
0.000000
0.000000
0.000000
0.000000
0.000000
0.000000
0.000000
0.000000
0.000000
0.000000
0.000000
0.000000
0.000000
0.000000
0.000000
0.000000
0.000000
0.000000
0.000000
0.000000
0.000000
0.000000
0.000000
0.000000
0.000000
0.000000
0.000000
0.000000
0.000000
0.000000
0.000000
0.000000
0.000000
0.000000
0.000000
0.000000
0.000000
0.000000
0.000000
0.000000
0.000000
0.000000
0.000000
0.000000
0.000000
0.000000
0.000000
0.000000
0.000000
0.000000
0.000000
0.000000
0.000000
0.000000
0.000000
0.000000
0.000000
0.000000
0.000000
0.000000
0.000000
0.000000
0.000000
0.000000
0.000000
0.000000
0.000000
0.000000
0.000000
0.000000
0.000000
0.000000
0.000000
0.000000
0.000000
0.000000
0.000000
0.000000
0.000000
0.000000
0.000000
0.000000
0.000000
0.000000
0.000000
0.000000
0.000000
0.000000
0.000000
0.000000
0.000000
0.000000
0.000000
0.000000
0.000000
0.000000
0.000000
0.000000
0.000000
0.000000
0.000000
0.000000
0.000000
0.000000
0.000000
0.000000
0.000000
0.000000
0.000000
0.000000
0.000000
0.000000
0.000000
0.000000
0.000000
0.000000
0.000000
0.000000
0.000000
0.000000
0.000000
0.000000
0.000000
0.000000
0.000000
0.000000
0.000000
0.000000
0.000000
0.000000
0.000000
0.000000
0.000000
0.000000
0.000000
0.000000
0.000000
0.000000
0.000000
0.000000
0.000000
0.000000
0.000000
0.000000
0.000000
0.000000
0.000000
0.000000
0.000000
0.000000
0.000000
0.000000
0.000000
0.000000
0.000000
0.000000
0.000000
0.000000
0.000000
0.000000
0.000000
0.000000
0.000000
0.000000
0.000000
0.000000
0.000000
0.000000
0.000000
0.000000
0.000000
0.000000
0.000000
0.000000
0.000000
0.000000
0.000000
0.000000
0.000000
0.000000
0.000000
0.000000
0.000000
0.000000
0.000000
0.000000
0.000000
0.000000
0.000000
0.000000
0.000000
0.000000
0.000000
0.000000
0.000000
0.000000
0.000000
0.000000
0.000000
0.000000
0.000000
0.000000
0.000000
0.000000
0.000000
0.000000
0.000000
0.000000
0.000000
0.000000
0.000000
0.000000
0.000000
0.000000
0.000000
0.000000
0.000000
0.000000
0.000000
0.000000
0.000000
0.000000
0.000000
0.000000
0.000000
0.000000
0.000000
0.000000
0.000000
0.000000
0.000000
0.000000
0.000000
0.000000
0.000000
0.000000
0.000000
0.000000
0.000000
0.000000
0.000000
0.000000
0.000000
0.000000
0.000000
0.000000
0.000000
0.000000
0.000000
0.000000
0.000000
0.000000
0.000000
0.000000
0.0000
0.000000
0.000000
0.000000
0.000000
0.000000
0.000000
0.000000
0.000000
0.000000
0.000000
0.000000
0.000000
0.000000
0.000000
0.000000
0.000000
0.000000
0.000000
0.000000
0.000000
0.000000
0.000000
0.000000
0.000000
0.000000
0.000000
0.000000
0.000000
0.000000
0.000000
0.000000
0.000000
0.000000
0.000000
0.000000
0.000000
0.000000
0.000000
0.000000
0.000000
0.000000
0.000000
0.000000
0.000000
0.000000
0.000000
0.000000
0.000000
0.000000
0.000000
0.000000
0.000000
0.000000
0.000000
0.000000
0.000000
0.000000
0.000000
0.000000
0.000000
0.000000
0.000000
0.000000
0.000000
0.000000
0.000000
0.000000
0.000000
0.000000
0.000000
0.000000
0.000000
0.000000
0.000000
0.000000
0.000000
0.000000
0.000000
0.000000
0.000000
0.000000
0.000000
0.000000
0.000000
0.000000
0.000000
0.000000
0.000000
0.000000
0.000000
0.000000
0.000000
0.000000
0.000000
0.000000
0.000000
0.000000
0.000000
0.000000
0.000000
0.000000
0.000000
0.000000
0.000000
0.000000
0.000000
0.000000
0.000000
0.000000
0.000000
0.000000
0.000000
0.000000
0.000000
0.000000
0.000000
0.000000
0.000000
0.000000
0.000000
0.000000
0.000000
0.000000
0.000000
0.000000
0.000000
0.000000
0.000000
0.000000
0.000000
0.000000
0.000000
0.000000
0.000000
0.000000
0.000000
0.000000
0.000000
0.000000
0.000000
0.000000
0.000000
0.000000
0.000000
0.000000
0.000000
0.000000
0.000000
0.000000
0.000000
0.000000
0.000000
0.000000
0.000000
0.000000
0.000000
0.000000
0.000000
0.000000
0.000000
0.000000
0.000000
0.000000
0.000000
0.000000
0.000000
0.000000
0.000000
0.000000
0.000000
0.000000
0.000000
0.000000
0.000000
0.000000
0.000000
0.000000
0.000000
0.000000
0.000000
0.000000
0.000000
0.000000
0.000000
0.000000
0.000000
0.000000
0.000000
0.000000
0.000000
0.000000
0.000000
0.000000
0.000000
0.000000
0.000000
0.000000
0.000000
0.000000
0.000000
0.000000
0.000000
0.000000
0.000000
0.000000
0.000000
0.000000
0.000000
0.000000
0.000000
0.000000
0.000000
0.000000
0.000000
0.000000
0.000000
0.000000
0.000000
0.000000
0.000000
0.000000
0.000000
0.000000
0.000000
0.000000
0.000000
0.000000
0.000000
0.000000
0.000000
0.000000
0.000000
0.000000
0.000000
0.000000
0.000000
0.000000
0.000000
0.000000
0.000000
0.000000
0.000000
0.000000
0.000000
0.000000
0.000000
0.000000
0.000000
0.000000
0.000000
0.000000
0.000000
0.000000
0.000000
0.000000
0.000000
0.000000
0.000000
0.000000
0.000000
0.000000
0.000000
0.000000
0.000000
0.000000
0.000000
0.000000
0.000000
0.000000
0.000000
0.000000
0.000000
0.000000
0.000000
0.000000
0.000000
0.000000
0.000000
0.000000
0.000000
0.000000
0.000000
0.000000
0.000000
0.000000
0.000000
0.000000
0.000000
0.000000
0.000000
0.000000
0.000000
0.000000
0.000000
0.000000
0.000000
0.000000
0.000000
0.000000
0.000000
0.000000
0.000000
0.000000
0.000000
0.000000
0.000000
0.000000
0.000000
0.000000
0.000000
0.000000
0.000000
0.000000
0.000000
0.000000
0.000000
0.000000
0.000000
0.000000
0.000000
0.000000
0.000000
0.000000
0.000000
0.000000
0.000000
0.000000
0.000000
0.000000
0.000000
0.000000
0.000000
0.000000
0.000000
0.000000
0.000000
0.000000
0.000000
0.000000
0.000000
0.000000
0.000000
0.000000
0.000000
0.000000
0.000000
0.000000
0.000000
0.000000
0.000000
0.000000
0.000000
0.000000
0.000000
0.000000
0.000000
0.000000
0.000000
0.000000
0.000000
0.000000
0.000000
0.000000
0.000000
0.000000
0.000000
0.000000
0.000000
0.000000
0.000000
0.000000
0.000000
0.000000
0.000000
0.000000
0.000000
0.000000
0.000000
0.000000
0.000000
0.000000
0.000000
0.000000
0.000000
0.000000
0.000000
0.000000
0.000000
0.000000
0.000000
0.000000
0.000000
0.000000
0.000000
0.000000
0.000000
0.000000
0.000000
0.000000
0.000000
0.000000
0.000000
0.000000
0.000000
0.000000
0.000000
0.000000
0.000000
0.000000
0.000000
0.000000
0.000000
0.000000
0.000000
0.000000
0.000000
0.000000
0.000000
0.000000
0.000000
0.000000
0.000000
0.000000
0.000000
0.000000
0.000000
0.000000
0.000000
0.000000
0.000000
0.000000
0.000000
0.000000
0.000000
0.000000
0.000000
0.000000
0.000000
0.000000
0.000000
0.000000
0.000000
0.000000
0.000000
0.000000
0.000000
0.000000
0.000000
0.000000
0.000000
0.000000
0.000000
0.000000
0.000000
0.000000
0.000000
0.000000
0.000000
0.000000
0.000000
0.000000
0.000000
0.000000
0.000000
0.000000
0.000000
0.000000
0.000000
0.000000
0.000000
0.000000
0.000000
0.000000
0.000000
0.000000
0.000000
0.000000
0.000000
0.000000
0.000000
0.000000
0.000000
0.000000
0.000000
0.000000
0.000000
0.000000
0.000000
0.000000
0.000000
0.000000
0.000000
0.000000
0.000000
0.000000
0.000000
0.000000
0.000000
0.000000
0.000000
0.000000
0.000000
0.000000
0.000000
0.000000
0.000000
0.000000
0.000000
0.000000
0.000000
0.000000
0.000000
0.000000
0.000000
0.000000
0.000000
0.000000
0.000000
0.000000
0.000000
0.000000
0.000000
0.000000
0.000000
0.000000
0.000000
0.000000
0.000000
0.000000
0.000000
0.000000
0.000000
0.000000
0.000000
0.000000
0.000000
0.000000
0.000000
0.000000
0.000000
0.000000
0.000000
0.000000
0.000000
0.000000
0.000000
0.000000
0.000000
0.000000
0.000000
0.000000
0.000000
0.000000
0.000000
0.000000
0.000000
0.000000
0.000000
0.000000
0.000000
0.000000
0.000000
0.000000
0.000000
0.000000
0.000000
0.000000
0.000000
0.000000
0.000000
0.000000
0.000000
0.000000
0.000000
0.000000
0.000000
0.000000
0.000000
0.000000
0.000000
0.000000
0.000000
0.000000
0.000000
0.000000
0.000000
0.000000
0.000000
0.000000
0.000000
0.000000
0.000000
0.000000
0.000000
0.000000
0.000000
0.000000
.000000
0.000000
0.000000
0.000000
0.000000
0.000000
0.000000
0.000000
0.000000
0.000000
0.000000
0.000000
0.000000
0.000000
0.000000
0.000000
0.000000
0.000000
0.000000
0.000000
0.000000
0.000000
0.000000
0.000000
0.000000
0.000000
0.000000
0.000000
0.000000
0.000000
0.000000
0.000000
0.000000
0.000000
0.000000
0.000000
0.000000
0.000000
0.000000
0.000000
0.000000
0.000000
0.000000
0.00000